2007  39  0   6.5   6.2   3.0   3.3   80035.   3.8  432.
2007  39  1   5.9   3.1   1.7  -1.0  111211.   4.3  444.
2007  39  2   4.9   2.5   0.5  -2.2  136456.   4.6  455.
2007  39  3   4.8   4.1  -0.8  -3.9  127052.   4.6  463.
2007  39  4   4.3   3.4   2.1   2.4  139302.   4.6  442.
2007  39  5   4.7   3.9   0.5  -3.9  124908.   4.5  456.
2007  39  6   4.4   3.6   0.4  -3.6  126869.   4.5  452.
2007  39  7   4.0   3.5   3.4  -0.2  130839.   4.1  431.
2007  39  8   4.6   3.0   1.9  -1.7  119166.   4.1  443.
2007  39  9   3.9   1.0   0.6  -0.1  122309.   4.1  456.
2007  39 10   4.0   2.8   2.7  -0.1  118833.   4.1  440.
2007  39 11   4.2   2.7   2.3   1.1  122601.   4.1  444.
2007  39 12   4.2   3.0   2.0  -1.9  119378.   4.0  443.
2007  39 13   4.4   2.9   1.3  -1.1  107052.   3.8  445.
2007  39 14   4.0   3.2   1.6  -0.1  114859.   3.7  446.
2007  39 15   4.0   3.2   2.7   0.2  117196.   3.9  442.
2007  39 16   4.6   3.8   2.5   0.4   98922.   3.3  443.
2007  39 17   4.6   3.8   1.9   2.2  105538.   3.3  452.
2007  39 18   4.6   3.6   2.3   0.5   99674.   3.4  448.
2007  39 19   4.6   3.3   1.7   1.8   91994.   3.3  452.
2007  39 20   4.5   4.0   2.1   2.4   91164.   3.2  446.
2007  39 21   4.6   3.7   3.1   1.1   89813.   3.0  435.
2007  39 22   4.7   4.3   0.6   2.1   82622.   2.9  456.
2007  39 23   4.6   4.1   1.9   1.3   73525.   2.7  443.
