2007  46  0   4.6   3.7  -2.1   0.3  178200.   2.0  662.
2007  46  1   4.5   3.3  -3.1  -1.0  159659.   1.8  658.
2007  46  2   4.3   3.7  -1.7  -1.4  146231.   1.7  682.
2007  46  3   4.1   3.5  -2.3  -0.9  180834.   1.6  672.
2007  46  4   4.0   2.7  -2.1   1.4  166161.   1.6  671.
2007  46  5   4.3   3.5  -1.7   1.3  150750.   1.6  675.
2007  46  6   4.1   1.1   0.2   1.1  174731.   1.6  709.
2007  46  7   4.0   3.1  -0.9   1.2  182266.   1.9  708.
2007  46  8   2.9   1.8  -1.6  -0.4  231378.   2.1  713.
2007  46  9   3.3   2.5  -0.9   1.0  186935.   1.9  717.
2007  46 10   3.2   2.3  -2.0  -0.8  171183.   1.9  707.
2007  46 11   3.3   2.6  -2.5   0.3  170492.   1.7  698.
2007  46 12   3.3   2.9  -2.0  -1.1  157957.   1.6  698.
2007  46 13   3.2   2.7  -1.5  -0.8  159873.   1.7  697.
2007  46 14   3.3   3.0  -2.9   0.5  166189.   1.7  674.
2007  46 15   3.7   3.5  -2.9   0.1  187857.   1.8  660.
2007  46 16   3.5   3.3  -3.2   0.5  273329.   1.9  653.
2007  46 17   3.1   0.9   0.7   0.5  233331.   2.3  666.
2007  46 18   3.8   1.6  -0.1   1.5  191766.   2.3  696.
2007  46 19   4.3   3.4  -3.3  -0.4  219254.   2.5  625.
2007  46 20   4.7   3.5  -0.9  -0.8  220480.   2.8  633.
2007  46 21   4.7   4.2   0.5   0.6  185410.   2.5  628.
2007  46 22   4.8   4.4  -2.4  -0.9  162934.   2.4  623.
2007  46 23   4.3   4.1  -1.9   1.1  157759.   2.2  615.
